CountRecallEasy
is_learn_time? True
metrics: {'loss': Array(4.6875567e-07, dtype=float32), 'returns': Array(-0.98557746, dtype=float32), 'timesteps': Array(499920, dtype=int32), 'updates': Array(6124, dtype=int32)}
q_vals: [[0.15847589 0.15833002 0.15853857 0.1562814  0.13963564]
 [0.10563716 0.10591524 0.10626544 0.1053186  0.08611951]
 [0.11996937 0.12125021 0.11995716 0.11911341 0.10035704]
 [0.11612306 0.11547904 0.11677194 0.11677159 0.09594265]
 [0.12162005 0.1242668  0.12344125 0.12199301 0.10380027]
 [0.10583861 0.10662307 0.10656836 0.10618832 0.08751282]
 [0.10451483 0.10459646 0.1054375  0.10437972 0.08448268]
 [0.15126553 0.15354349 0.1531539  0.15177424 0.13062105]
 [0.12136664 0.12267999 0.12184308 0.12196692 0.10760433]
 [0.11365999 0.11423947 0.11483938 0.11329002 0.0947869 ]
 [0.14855811 0.14953731 0.15019013 0.1479255  0.13170314]
 [0.12865922 0.13016202 0.12973565 0.12968688 0.10965751]
 [0.10904434 0.10967213 0.1106709  0.10947458 0.09084544]
 [0.12275071 0.12339457 0.12393296 0.12182463 0.10323466]
 [0.11697442 0.11708433 0.11877505 0.11721244 0.09758378]
 [0.12234899 0.12278688 0.12313768 0.12270259 0.1062381 ]]
action: [2 2 1 2 1 1 2 1 1 2 2 1 2 2 2 2]
is_learn_time? False
metrics: {'loss': Array(0., dtype=float32), 'returns': Array(-0.98557746, dtype=float32), 'timesteps': Array(499936, dtype=int32), 'updates': Array(6124, dtype=int32)}
q_vals: [[0.15847589 0.15833002 0.15853857 0.1562814  0.13963564]
 [0.10563716 0.10591524 0.10626544 0.1053186  0.08611951]
 [0.12010971 0.12112913 0.11999315 0.11915329 0.10058487]
 [0.11612306 0.11547904 0.11677194 0.11677159 0.09594265]
 [0.12160291 0.12429827 0.12363472 0.12200356 0.10400387]
 [0.10605914 0.10629472 0.10640325 0.10601903 0.08749937]
 [0.10451483 0.10459646 0.1054375  0.10437972 0.08448268]
 [0.15134521 0.15361309 0.15328087 0.15181117 0.13074052]
 [0.12153231 0.12259223 0.12194027 0.12206344 0.10776411]
 [0.11365999 0.11423947 0.11483938 0.11329002 0.0947869 ]
 [0.14855811 0.14953731 0.15019013 0.1479255  0.13170314]
 [0.12877393 0.13045207 0.12979092 0.12976032 0.10949128]
 [0.10904434 0.10967213 0.1106709  0.10947458 0.09084544]
 [0.12275071 0.12339457 0.12393296 0.12182463 0.10323466]
 [0.11697442 0.11708433 0.11877505 0.11721244 0.09758378]
 [0.12234899 0.12278688 0.12313768 0.12270259 0.1062381 ]]
action: [2 2 1 2 0 2 2 1 1 2 2 1 2 2 2 2]
---
---
---
CartPole
metrics: {'loss': Array(0., dtype=float32), 'returns': Array(124.875, dtype=float32), 'timesteps': Array(499664, dtype=int32), 'updates': Array(6120, dtype=int32)}
q_vals: [[ 33.366547    60.3764      78.16412     81.753136    86.73615   ]
 [ -7.3341537   -4.785325    11.183517    22.219538    34.546288  ]
 [104.57697    105.06296    107.854195   109.95283    111.35652   ]
 [112.184525   112.98209    111.87906    114.1889     114.15246   ]
 [ 71.629845    76.46392     77.31408     80.05954     83.3945    ]
 [ 59.42495     77.603134    80.94595     82.99291     89.982254  ]
 [ 32.334045    63.037033    80.97216     88.40614     88.157845  ]
 [ 94.195274   107.10575    104.976845   106.625305   109.31663   ]
 [ 12.880205    21.481438    43.959915    62.742104    66.20565   ]
 [  4.4677277    4.2647705    3.859167    20.010424    47.23237   ]
 [ 66.43214     83.2545      91.13768     94.24588     97.84511   ]
 [  2.607502    -3.1863804   -0.77510864  -1.3511539   16.858534  ]
 [107.45777    111.36677    112.66861    115.21622    115.014984  ]
 [ 48.545376    68.850876    81.93166     93.68186     93.50918   ]
 [105.80125    112.29387    110.54517    109.731544   112.71082   ]
 [ 85.892456    90.80278     90.173195    93.44806     92.23336   ]]
action: [4 4 4 3 4 4 3 4 4 0 4 4 3 3 4 3]
is_learn_time? True
metrics: {'loss': Array(14.624963, dtype=float32), 'returns': Array(124.875, dtype=float32), 'timesteps': Array(499680, dtype=int32), 'updates': Array(6121, dtype=int32)}
q_vals: [[ 39.965847   67.58846    82.12788    84.884186   91.26176  ]
 [-10.303173   -4.852853   11.586205   21.802246   32.392063 ]
 [110.65916   102.3497    105.62573   109.2288    106.50338  ]
 [110.73428   112.240654  110.84635   112.16968   113.165115 ]
 [ 78.42708    76.56832    75.4825     79.381676   79.94651  ]
 [ 72.621025   86.657715   84.61822    86.44469    91.65228  ]
 [ 25.063612   59.737843   78.69369    86.99655    89.224335 ]
 [102.347374  107.11041   104.53655   107.16474   107.43324  ]
 [ 21.664835   40.26694    58.931507   66.029015   67.87691  ]
 [  2.0050256   3.5585396   2.2716649   8.140771    3.2450552]
 [ 77.82138    87.784325   94.03286    97.26377    98.81316  ]
 [  1.4564679  -5.811359   -2.3829253  -0.4298172  16.050571 ]
 [102.77748   111.27756   111.46089   112.866776  115.28848  ]
 [ 19.081652   51.871624   74.432205   88.034065   90.79689  ]
 [109.448364  112.34706   110.73397   111.2845    112.719894 ]
 [ 82.580574   91.35971    88.694496   89.24543    90.462715 ]]
action: [4 4 0 4 4 4 4 4 4 3 4 4 4 4 4 1]
